00 16 20 00 00 00 00 00 00 00 00 00 00 00 00 17 20 11 11 11 11 11 02 20 00 00 00 00 00 00 00 00 01 01 01 01 11 11 11 11 11 11 00 17 20 15 15 00 11 11 00 00 00 00 00 01 01 01 01 01 01 01 00 00 00 00 00 00 00 00 00 00 00 00 11 11 11 11 11 11 11 11 11 11 11 11 11 11 11 11 02 20 00 00 00 00 00 00 00 11
14 20 20 00 00 00 00 00 00 00 00 00 00 00 00 20 20 11 11 11 11 11 20 20 00 00 00 00 00 00 00 00 00 00 00 00 11 11 11 11 11 11 00 20 20 00 00 00 11 11 00 00 00 00 00 00 00 00 00 00 00 00 00 00 00 00 00 00 00 00 00 00 00 00 11 11 11 11 11 11 11 11 11 11 11 11 11 11 11 11 20 20 00 00 00 00 00 00 00 11
00 00 00 00 00 00 00 00 00 00 00 00 00 00 00 00 00 11 11 11 11 11 00 00 00 00 00 00 00 00 00 00 00 00 00 00 11 11 11 11 11 11 00 00 00 00 00 00 11 11 00 00 00 00 00 00 00 00 00 00 00 00 00 00 00 00 00 00 00 00 00 00 00 00 16 20 11 11 11 11 11 11 11 11 11 11 11 11 11 11 00 00 00 00 00 00 00 00 15 11
00 00 00 00 00 00 00 00 00 00 00 00 00 00 00 00 00 11 11 11 11 11 00 00 00 15 15 00 00 00 00 00 00 00 00 00 11 11 11 11 11 11 00 00 00 00 00 00 11 11 00 00 00 00 00 00 00 00 00 00 00 00 00 00 00 14 14 00 00 00 00 00 00 00 20 20 11 11 11 11 11 11 11 11 11 11 11 11 11 11 00 00 00 00 00 00 00 00 00 11
00 00 00 00 00 00 00 00 00 00 00 00 00 00 00 00 00 11 11 11 11 11 11 11 11 11 11 00 00 00 00 00 00 00 00 00 01 11 11 11 11 11 00 00 00 00 00 00 11 11 15 00 00 00 00 00 00 00 00 00 00 00 00 00 00 00 00 14 00 00 00 00 00 00 00 00 00 00 00 01 01 01 01 00 00 00 00 00 00 00 00 00 00 00 00 00 00 17 20 11
00 00 00 00 00 00 00 00 00 00 00 00 00 00 00 00 00 00 00 00 00 00 00 02 20 11 11 00 00 00 00 00 00 00 00 00 17 20 11 11 11 11 14 14 00 00 00 15 11 11 02 20 00 00 00 00 00 00 00 00 00 00 00 00 00 00 00 00 00 00 00 00 00 00 00 00 00 01 01 01 00 00 00 00 00 00 00 00 00 00 00 00 00 15 15 00 00 20 20 11
00 00 00 00 00 02 20 01 01 00 00 00 00 00 00 00 00 00 00 00 00 00 14 20 20 11 11 00 00 00 00 00 00 00 00 00 20 20 11 11 11 11 11 11 11 13 11 11 11 11 20 20 00 00 00 01 01 01 01 16 20 00 00 00 00 00 00 00 00 00 00 00 00 00 00 00 00 00 00 00 00 00 00 00 00 00 00 00 00 00 00 14 14 11 11 11 11 11 11 11
00 00 00 00 01 20 20 00 00 00 00 00 00 00 00 00 00 00 00 00 00 00 00 00 00 11 11 00 00 00 00 00 00 00 00 00 00 00 11 11 11 11 11 11 11 13 11 11 11 11 11 11 11 11 11 11 11 11 11 20 20 15 15 15 00 00 00 00 00 00 00 00 00 00 00 00 00 00 00 00 00 00 00 00 00 00 00 00 00 11 11 11 11 11 11 11 11 11 11 11
00 00 00 00 00 00 00 00 00 00 00 00 00 00 00 00 00 00 00 00 00 00 00 00 00 11 11 00 00 00 00 00 00 00 00 00 00 00 11 11 11 11 11 11 11 13 11 11 11 11 11 11 11 11 11 11 11 11 11 11 11 11 11 11 02 20 00 00 00 00 00 00 00 00 00 00 00 00 00 00 00 00 00 00 00 00 00 00 00 11 11 11 11 11 11 14 14 00 00 11
00 00 00 00 00 00 00 00 00 00 00 00 00 00 00 00 00 00 00 00 00 00 00 00 00 11 11 00 00 00 00 00 00 00 00 00 00 00 11 11 11 11 15 15 15 00 15 15 15 15 15 15 15 15 15 15 15 11 11 11 11 11 11 11 20 20 00 00 00 00 00 00 00 00 00 00 00 00 00 00 00 00 00 00 00 00 00 00 15 11 11 16 20 00 00 00 00 00 00 11
14 00 00 00 00 00 00 00 00 00 00 00 00 00 00 00 00 00 00 00 00 00 00 00 00 11 11 00 00 00 00 00 00 00 00 00 14 14 11 11 11 11 00 00 00 00 00 00 00 00 00 00 00 00 00 00 00 12 12 12 12 12 12 12 00 00 00 00 00 00 00 00 01 01 01 00 00 00 00 00 00 00 00 00 00 00 00 00 15 11 11 20 20 00 00 00 00 00 00 11
14 00 00 00 00 00 00 00 00 00 00 00 00 00 00 00 00 00 14 14 14 14 14 14 00 11 11 16 20 00 00 00 00 00 00 00 00 14 11 11 11 11 00 00 00 00 00 00 00 00 00 00 00 00 00 00 00 11 11 11 11 11 11 11 11 11 11 11 11 11 11 11 15 15 01 00 00 00 00 00 00 00 00 00 00 00 00 00 00 11 11 00 00 00 00 00 00 00 00 11
00 00 00 00 00 00 00 00 00 00 00 00 00 00 00 00 11 11 11 11 11 11 11 11 11 11 11 20 20 00 00 00 00 00 00 00 00 00 11 11 11 11 02 20 00 00 00 00 00 00 00 00 00 00 00 00 00 11 11 11 11 11 11 11 11 11 11 11 11 11 11 11 11 11 00 00 00 14 02 20 00 00 00 00 00 00 00 00 00 11 11 00 00 00 00 00 00 00 00 11
00 00 00 00 00 00 00 00 00 00 00 00 00 00 00 00 12 12 00 00 00 00 00 00 00 00 00 00 00 00 00 00 00 00 00 00 00 00 11 11 11 11 20 20 00 00 00 00 00 00 00 00 00 00 00 00 00 11 11 11 11 11 11 11 11 11 11 11 11 11 11 11 11 11 00 00 00 00 20 20 14 14 00 00 00 00 00 00 00 11 11 00 00 00 00 02 20 00 00 11
00 00 00 00 00 00 00 00 00 00 00 00 15 15 15 15 11 11 00 00 00 00 00 00 00 00 00 00 00 00 00 00 00 00 00 00 00 00 12 12 12 12 00 00 00 00 00 00 00 00 00 00 00 00 00 00 00 11 11 11 11 11 11 11 01 01 00 00 00 00 11 11 11 11 00 00 00 00 00 00 00 00 00 00 00 00 00 00 00 11 11 00 00 00 14 20 20 00 00 11
00 00 00 00 00 00 00 00 11 11 11 13 11 11 11 11 11 11 14 00 00 00 00 00 00 00 00 00 00 00 00 00 00 00 00 00 00 00 11 11 11 11 00 00 00 00 00 00 00 00 00 00 00 00 00 00 00 00 01 01 01 01 00 00 00 00 00 00 02 20 11 11 11 11 00 00 00 00 00 00 00 00 00 00 00 00 00 00 00 12 12 00 00 00 00 00 00 00 00 11
01 01 01 01 01 01 01 01 11 11 11 13 11 11 11 11 11 11 14 00 00 00 00 00 00 00 00 00 00 00 00 00 00 00 00 00 00 00 11 11 11 11 00 00 00 00 00 00 00 00 00 00 00 00 00 00 00 00 00 00 00 00 00 00 00 00 00 00 20 20 11 11 11 11 00 00 00 00 00 00 00 00 00 00 00 00 00 00 00 11 11 00 00 00 00 00 00 00 00 11
11 11 11 11 11 11 11 11 11 11 11 13 11 11 11 11 11 11 00 00 00 00 00 00 00 00 02 20 15 00 00 00 00 00 00 00 00 00 16 20 11 11 00 00 00 00 00 00 00 00 00 00 00 00 00 00 00 00 00 00 00 00 00 00 00 00 00 00 00 00 11 11 11 11 00 00 00 00 00 00 00 00 00 00 00 00 00 00 00 11 11 00 00 00 00 00 00 00 15 11
11 11 11 11 11 11 11 11 11 14 00 00 14 11 11 11 11 11 00 00 00 00 00 00 15 15 20 20 00 00 00 00 00 00 00 00 00 00 20 20 11 11 00 00 00 00 00 00 00 00 00 00 00 15 15 00 00 00 00 00 00 00 00 00 00 00 00 00 00 00 11 11 11 11 00 00 00 00 00 00 00 00 00 00 00 00 00 00 00 11 11 00 00 00 00 00 00 00 15 11
11 11 11 11 11 11 11 11 11 00 00 00 14 11 11 11 11 11 00 00 00 00 00 15 15 00 00 00 00 00 00 00 00 00 00 00 00 00 00 00 11 11 00 00 00 00 00 00 00 00 00 00 17 20 15 00 00 00 00 00 00 00 00 00 00 00 00 00 00 00 11 11 11 11 00 00 00 00 00 00 00 00 00 00 00 00 00 00 00 11 11 00 00 00 00 00 00 00 15 11
00 00 00 00 14 11 11 01 00 00 00 00 00 12 12 12 12 12 00 00 00 00 00 00 00 00 00 00 00 00 00 00 00 00 00 00 00 00 00 00 11 11 01 00 00 00 00 00 00 00 00 00 20 20 00 00 00 00 00 00 00 00 00 00 00 00 00 00 00 00 11 11 11 11 00 00 00 00 00 00 00 14 14 14 00 00 00 00 00 11 11 00 00 00 00 00 00 00 00 11
00 00 00 00 00 14 11 01 00 00 00 00 00 11 11 11 11 11 00 00 00 00 00 00 00 00 00 00 00 00 00 00 14 14 14 14 00 00 00 00 11 11 01 01 01 01 01 01 01 01 00 00 00 00 00 00 00 00 00 00 00 00 00 00 00 00 00 00 00 00 11 11 11 11 15 00 00 00 00 00 00 14 00 00 00 00 00 00 00 11 11 00 00 00 00 00 00 00 00 11
00 00 00 00 00 00 11 01 00 00 00 00 00 11 11 11 11 11 00 00 00 00 00 00 00 00 00 00 00 00 00 11 11 11 11 11 11 11 11 11 11 11 11 11 11 11 11 11 11 01 00 00 00 00 00 00 00 00 00 00 00 00 00 00 02 20 00 00 00 00 11 11 11 11 15 00 00 00 00 00 00 00 00 00 00 00 00 00 01 11 11 00 00 00 00 00 00 00 00 11
00 00 00 00 00 00 11 11 00 00 00 00 00 11 11 11 11 11 00 00 00 00 00 00 00 00 00 00 00 00 00 11 11 11 11 11 11 11 11 11 11 11 11 11 11 11 11 11 11 00 00 00 00 00 00 00 00 00 00 00 00 00 00 14 20 20 00 00 00 14 11 11 11 11 15 00 00 00 00 00 00 00 00 00 00 00 00 00 01 11 11 00 00 00 00 00 00 00 00 11
15 00 00 00 00 00 11 11 00 00 00 00 00 15 11 11 11 01 00 00 00 00 00 00 00 00 00 00 00 00 00 11 11 11 15 00 00 00 00 00 00 00 02 20 14 14 11 11 11 00 00 00 00 00 00 00 00 00 00 00 00 00 00 00 00 00 00 00 00 14 11 11 11 11 00 00 00 00 00 00 00 00 00 00 00 00 00 00 01 11 11 00 00 00 00 00 00 17 20 11
15 00 00 00 00 00 11 11 00 00 00 00 00 15 11 11 01 00 00 00 00 00 00 00 00 00 00 00 00 00 01 11 11 15 15 00 00 00 00 00 00 00 20 20 00 00 11 11 11 00 00 00 00 00 00 00 00 00 00 00 00 00 00 00 00 00 00 00 00 14 11 11 11 11 16 20 00 00 00 00 00 00 00 00 00 00 00 00 00 11 11 00 01 01 01 00 00 20 20 11
00 00 00 00 00 00 12 12 00 00 00 00 00 00 11 00 00 00 00 00 00 00 00 00 00 00 00 00 00 00 01 11 11 00 00 00 00 00 00 00 00 00 00 00 00 00 11 11 11 00 00 00 00 00 00 00 00 00 00 14 14 14 14 14 14 14 14 14 14 14 11 11 11 11 20 20 00 00 15 15 15 15 00 00 00 00 00 00 00 11 11 11 11 11 11 13 11 11 11 11
16 20 00 00 00 00 11 11 00 00 00 00 00 00 11 00 00 00 00 00 00 00 00 00 00 00 00 00 00 00 11 11 11 00 00 00 00 00 00 00 00 00 00 00 00 00 11 11 11 14 14 00 00 00 00 00 00 00 11 11 11 11 11 11 11 11 11 11 11 11 11 11 11 11 11 11 11 11 11 11 11 11 11 11 15 00 00 00 00 11 11 11 11 11 11 13 11 11 11 11
20 20 00 00 00 00 11 11 00 00 00 00 00 00 11 17 20 00 00 00 00 00 00 00 00 00 00 00 16 20 11 11 11 00 00 00 00 00 00 00 00 00 00 00 00 00 11 11 11 16 20 00 00 00 00 00 00 00 11 11 11 11 11 11 11 11 11 11 11 11 11 11 11 11 11 11 11 11 11 11 11 11 11 11 15 00 00 00 00 14 14 14 14 14 00 00 00 14 14 11
00 00 00 00 00 00 11 11 00 00 00 00 00 00 11 20 20 00 15 15 15 15 15 15 00 00 00 00 20 20 11 11 11 00 00 00 00 00 00 00 00 00 00 00 00 00 11 11 11 20 20 14 00 00 00 00 00 00 11 00 00 00 00 00 00 00 00 00 00 00 00 11 11 00 00 00 00 00 00 00 00 00 12 12 00 00 00 00 00 00 00 00 00 00 00 00 00 00 14 11
00 00 00 00 00 15 11 11 00 00 00 00 00 00 11 11 11 11 11 11 11 11 11 11 11 11 11 11 11 11 11 11 11 00 00 00 00 00 00 00 00 00 00 00 00 00 11 11 11 00 00 00 00 00 00 00 00 00 11 00 00 00 00 00 00 00 00 00 00 00 00 11 11 00 00 00 00 00 00 00 00 00 11 11 00 00 00 00 00 00 00 00 00 00 00 00 00 00 00 11
00 00 00 00 00 00 11 11 14 14 00 00 00 00 11 11 11 11 11 11 11 11 11 11 11 11 11 11 11 11 11 11 11 00 00 00 00 00 00 00 00 00 00 00 00 00 11 11 11 00 00 00 00 00 00 00 00 00 11 00 00 00 00 00 00 00 00 00 00 00 00 11 11 00 00 00 02 20 00 00 00 00 11 11 00 00 00 00 00 00 00 00 00 00 00 00 00 00 00 11
00 00 00 00 00 00 11 11 11 11 00 00 00 00 00 14 14 14 14 14 14 00 00 00 00 00 00 00 00 00 11 11 11 00 00 00 00 00 00 00 00 00 00 00 00 00 11 11 11 00 00 00 00 00 00 00 00 00 11 00 00 00 00 00 00 00 00 00 00 00 00 11 11 00 00 00 20 20 14 00 00 00 11 11 15 00 00 00 00 00 00 00 00 00 00 00 00 00 00 11
00 00 00 00 00 00 11 11 11 11 00 00 00 00 00 00 14 14 00 00 00 00 00 00 00 00 00 00 00 00 11 11 11 00 00 00 00 01 01 01 00 00 00 00 00 00 11 11 11 15 00 00 00 00 00 00 00 00 11 00 00 00 00 00 00 00 00 00 00 00 00 11 11 00 00 00 00 00 00 00 00 14 11 11 15 00 00 00 00 00 00 00 00 00 00 00 00 00 00 11
17 20 00 00 00 00 11 11 11 11 00 00 00 00 00 00 00 00 00 00 00 00 00 00 00 00 00 00 00 00 11 11 11 00 00 00 00 01 01 01 01 01 00 00 00 00 11 11 11 15 00 00 00 00 00 00 00 00 11 00 00 00 00 00 00 00 00 00 00 00 00 11 11 00 00 00 00 00 00 00 00 14 11 11 15 00 00 00 00 00 00 00 00 00 00 00 00 00 00 11
20 20 00 00 00 00 11 11 11 11 14 00 00 00 00 00 00 00 00 00 00 00 00 00 00 00 00 00 00 14 11 11 11 00 00 00 00 00 01 01 01 01 00 00 00 00 11 11 11 15 15 15 15 15 15 00 00 00 11 00 00 00 00 00 00 00 00 00 00 00 00 11 11 14 14 14 14 00 00 00 14 14 11 11 00 00 00 00 00 00 00 01 01 01 01 00 00 00 00 11
00 00 00 00 00 00 11 11 11 11 00 00 00 00 00 00 00 00 00 00 00 00 00 00 00 00 00 00 17 20 11 11 11 00 00 00 00 00 00 00 01 01 01 00 00 00 11 11 11 11 11 11 11 11 11 11 11 11 11 00 00 00 00 00 00 00 00 00 00 00 00 11 11 11 11 11 11 11 11 13 11 11 11 11 00 00 00 00 00 00 00 00 00 01 01 00 00 00 00 11
00 00 00 00 00 00 11 11 11 11 02 20 00 00 00 00 00 00 00 15 15 00 00 00 00 00 00 00 20 20 11 11 11 00 00 00 00 00 00 00 00 01 01 00 00 00 11 11 11 00 00 00 00 00 00 00 00 00 00 00 00 00 00 00 00 00 00 00 00 00 00 11 11 17 20 00 00 00 00 00 00 00 00 00 00 00 00 00 00 00 00 00 00 00 00 00 00 00 00 11
01 01 01 01 01 01 11 11 11 11 20 20 00 00 00 15 15 15 15 15 00 00 00 00 00 00 00 00 00 00 11 11 11 00 00 00 00 00 00 00 00 00 00 00 00 00 11 11 11 00 00 00 00 00 00 00 00 00 00 00 00 00 00 00 00 00 00 00 00 00 00 11 11 20 20 00 00 00 00 00 00 00 00 00 00 00 00 00 00 00 00 00 00 00 00 00 00 00 00 11
11 11 11 11 11 11 11 11 11 11 11 11 11 11 11 11 11 11 11 11 11 11 11 11 11 11 11 11 11 11 11 11 11 00 00 00 00 00 00 00 00 00 00 00 00 00 11 11 11 00 00 00 00 00 00 00 00 00 00 00 00 00 00 00 00 00 00 00 00 00 00 11 11 00 00 00 00 00 00 00 00 00 00 00 00 00 00 00 00 00 00 00 00 00 00 00 00 00 00 11
11 11 11 11 11 11 11 11 11 11 11 11 11 11 11 11 11 11 11 11 11 11 11 11 11 11 11 11 11 11 11 11 11 00 00 00 00 00 00 00 00 00 00 00 00 00 11 11 11 00 00 00 00 00 00 00 00 00 00 00 00 00 00 00 00 00 00 00 00 00 00 11 11 00 00 00 00 00 00 00 00 00 00 00 00 00 00 00 00 00 00 00 00 00 00 00 00 00 00 11
11 11 11 11 11 11 11 11 11 11 11 11 11 11 11 11 11 11 11 11 11 11 11 11 11 11 11 11 11 11 11 11 11 01 00 00 00 00 00 00 00 00 00 00 00 00 11 11 11 00 00 00 00 00 00 00 00 00 00 00 00 00 00 00 00 00 00 00 00 00 00 12 12 00 00 00 00 00 00 00 00 00 00 00 00 00 00 00 00 00 00 00 00 00 00 00 00 00 00 11
11 11 01 01 00 00 00 00 00 00 00 00 00 14 14 14 14 14 14 14 14 14 00 00 00 00 00 00 00 00 00 01 01 01 00 00 00 00 00 00 00 00 00 00 00 00 11 11 11 00 00 00 00 00 00 00 00 00 00 00 00 00 00 00 00 00 00 00 00 00 00 11 11 00 00 00 00 00 00 00 00 00 00 00 00 00 00 00 00 00 00 00 00 00 00 00 00 00 00 11
11 11 01 00 00 00 00 00 00 00 00 00 00 00 00 00 00 00 00 00 00 00 00 00 00 00 00 00 00 00 00 00 00 00 00 00 00 00 00 00 00 00 00 00 00 00 12 12 12 00 00 00 00 00 00 00 00 00 00 00 00 00 00 00 00 00 00 00 00 00 00 11 11 00 00 00 00 00 00 00 00 02 20 00 00 00 00 00 00 00 00 00 00 00 00 00 00 00 00 11
11 11 00 00 00 00 00 00 00 00 00 00 00 00 00 00 00 00 00 00 00 00 00 00 00 00 00 00 00 00 00 00 00 00 00 00 00 00 00 00 00 00 00 00 00 00 11 11 11 00 00 00 00 00 00 00 00 00 00 00 00 00 00 00 00 00 00 00 00 00 00 11 11 00 00 00 00 00 00 00 15 20 20 15 15 15 15 16 20 15 00 00 00 00 00 00 00 00 00 11
11 11 00 00 00 00 00 00 00 00 00 00 00 00 00 00 00 00 00 00 00 01 01 01 00 00 00 00 00 00 00 00 00 00 00 00 00 00 00 00 00 00 15 15 00 00 11 11 11 00 00 00 00 00 00 00 00 00 00 00 00 00 00 00 00 00 00 00 00 00 00 11 11 00 00 00 00 00 00 00 00 00 00 00 00 00 00 20 20 15 15 00 00 00 00 00 00 00 00 11
11 01 00 00 00 00 00 00 00 00 16 20 00 00 00 00 00 00 00 00 00 00 01 01 01 00 00 00 00 00 00 00 00 00 00 00 00 00 00 00 00 00 00 15 17 20 11 11 11 11 11 11 11 11 11 11 11 11 11 11 11 11 11 11 11 11 11 11 11 11 11 11 11 00 00 00 00 00 00 00 00 00 00 00 00 00 00 00 00 00 00 00 00 00 00 00 00 00 00 11
11 00 00 00 00 00 17 20 15 15 20 20 00 00 00 00 00 00 00 00 00 00 00 00 00 00 00 00 00 00 00 14 14 14 14 14 14 00 00 00 00 00 00 00 20 20 11 11 11 11 11 11 11 11 11 11 11 11 11 11 11 11 11 11 11 11 11 11 11 11 11 11 11 00 00 00 00 00 00 00 00 00 00 00 00 00 00 00 00 00 00 00 00 00 00 00 00 00 00 11
11 00 00 00 00 00 20 20 00 00 00 00 01 01 00 00 00 00 00 00 00 00 00 00 00 00 00 00 00 00 11 11 11 11 11 11 11 11 11 11 11 11 11 11 11 11 11 11 11 11 14 14 14 14 00 00 00 00 00 00 00 00 00 00 15 15 11 16 20 01 01 00 00 00 00 00 00 00 00 00 00 00 00 00 00 00 00 00 00 00 00 00 00 00 00 00 00 00 00 11
11 00 00 00 00 00 00 00 00 00 00 00 00 00 00 00 00 00 00 00 00 00 00 00 00 00 00 00 00 00 11 11 11 11 11 11 11 11 11 11 11 11 11 11 11 11 11 11 11 11 17 20 00 00 00 00 00 00 00 00 00 00 00 00 00 15 11 20 20 00 00 00 00 00 00 00 00 00 00 00 00 00 00 00 00 00 00 00 00 00 00 00 00 14 14 00 00 00 00 11
11 00 00 00 00 00 00 00 00 00 00 00 00 00 00 00 00 00 00 00 00 00 00 00 00 00 00 00 00 00 11 11 11 11 11 11 11 11 11 11 11 11 11 11 11 11 11 11 11 11 20 20 00 00 00 00 00 00 00 00 00 00 00 00 00 15 11 00 00 00 00 00 00 00 00 00 00 00 00 00 00 00 00 00 00 00 00 00 00 00 00 00 00 14 17 20 00 00 00 11
11 00 00 00 00 00 00 00 00 00 00 00 00 00 00 00 00 00 00 00 00 00 00 00 00 00 00 00 00 00 11 11 00 00 00 00 00 00 00 00 00 00 00 00 00 00 00 00 12 12 00 00 00 00 00 00 00 00 00 00 00 00 00 00 00 00 11 00 00 00 00 00 00 00 00 00 00 00 00 00 00 00 00 00 00 00 00 00 00 00 00 00 00 00 20 20 00 00 14 11
11 00 00 00 00 00 00 00 00 00 00 00 00 00 00 00 00 00 00 00 00 00 00 00 00 00 00 00 00 15 11 11 00 00 00 00 00 00 00 00 00 00 00 00 00 00 00 00 11 11 00 00 00 00 00 00 00 00 00 00 00 00 00 00 00 00 11 15 00 00 00 00 00 00 00 00 00 00 00 00 00 00 00 00 00 00 00 00 00 00 00 00 00 00 00 00 00 00 14 11
11 00 00 00 00 15 15 00 00 00 00 00 00 00 00 00 00 00 00 00 00 00 00 00 00 00 00 00 00 15 11 11 00 00 00 00 00 00 00 00 00 00 00 00 00 00 00 00 11 11 00 00 00 00 00 00 00 00 00 00 00 00 00 00 00 00 11 15 00 00 00 00 00 00 00 00 00 00 00 00 00 00 00 00 00 00 00 00 00 00 00 00 00 00 00 00 14 14 14 11
11 00 00 00 00 00 15 00 00 00 00 00 15 15 15 00 00 00 00 00 00 00 00 00 00 00 00 00 02 20 11 11 00 00 00 00 00 00 00 00 00 00 00 00 00 00 00 00 11 11 00 00 00 00 00 00 00 00 00 00 00 00 00 00 00 00 11 15 15 15 15 15 15 00 00 00 00 00 00 00 00 00 00 01 01 01 01 01 01 01 11 11 11 11 11 11 11 11 11 11
11 00 00 00 00 00 00 15 15 15 15 15 15 15 15 15 00 00 00 00 00 00 00 15 15 15 00 00 20 20 11 11 00 00 00 00 00 00 00 00 00 00 00 00 00 00 00 00 11 11 00 00 00 00 00 00 00 00 00 00 00 00 00 00 00 00 11 11 11 11 11 11 11 11 11 11 11 11 11 11 11 11 11 11 11 11 11 11 11 11 11 11 11 11 11 11 11 11 11 11
11 11 11 11 11 11 11 11 11 11 11 11 11 11 11 11 11 11 00 00 00 00 11 11 11 11 11 11 11 11 11 11 00 00 00 00 00 00 00 00 00 00 00 00 00 00 00 00 11 11 00 00 00 00 00 00 00 00 00 00 00 00 00 00 00 00 00 00 00 00 00 00 00 00 00 00 00 00 00 00 00 00 00 00 00 00 00 00 00 00 11 11 11 11 11 11 11 11 11 11
11 11 11 11 11 11 11 11 11 11 11 11 11 11 11 11 11 11 00 00 00 00 11 11 11 11 11 11 11 11 11 11 00 00 00 00 00 00 00 00 00 00 00 00 00 00 00 00 11 11 00 00 00 00 00 00 00 00 00 00 00 00 00 00 00 00 00 00 00 00 00 00 00 00 00 00 00 00 00 00 00 00 00 00 00 00 00 00 00 00 00 00 00 00 00 00 00 00 00 11
11 00 00 00 00 00 00 00 00 00 00 00 00 00 00 00 11 11 00 00 00 01 11 11 00 00 00 00 00 00 00 00 00 00 00 00 00 00 00 00 00 00 00 00 00 00 00 00 11 11 00 00 00 00 00 00 00 00 00 00 00 00 00 00 00 00 00 00 00 00 00 00 00 00 00 00 00 00 00 00 00 00 00 00 00 00 00 00 00 00 00 00 00 00 00 00 00 00 00 11
11 00 00 00 00 00 00 00 00 00 00 00 00 00 00 00 11 11 00 00 00 01 11 11 00 00 00 00 00 00 00 00 00 00 00 00 00 00 00 00 00 00 00 00 00 00 00 00 11 11 00 00 00 00 00 00 00 00 00 00 00 00 00 00 00 00 00 00 00 00 00 00 00 00 00 00 00 00 00 00 00 00 00 00 00 00 00 00 00 00 00 00 00 00 00 00 00 00 00 11
11 00 00 00 00 00 00 00 00 00 00 00 00 00 00 00 11 11 00 00 00 01 11 11 00 00 00 00 00 00 00 00 00 00 00 00 00 00 00 00 00 00 00 00 00 00 00 00 11 11 00 00 00 00 00 00 00 00 00 00 00 00 00 00 00 00 00 00 00 00 00 00 00 00 00 00 00 00 00 15 15 15 15 15 15 15 00 00 00 00 00 00 00 00 00 00 00 00 00 11
11 00 00 00 00 00 00 00 00 00 00 00 00 00 00 00 11 11 00 00 00 01 11 11 00 00 00 00 00 00 00 00 00 00 00 00 00 00 00 00 00 00 00 00 00 00 00 00 11 11 00 00 00 00 00 00 00 00 00 00 00 00 00 00 00 00 00 00 00 00 00 00 00 00 00 00 00 00 00 15 16 20 00 02 20 15 00 00 00 00 00 00 00 00 00 00 00 00 00 11
11 00 00 00 00 00 00 00 00 00 00 00 00 00 00 00 11 11 00 00 00 01 11 11 00 00 00 00 00 00 00 00 00 00 00 00 00 00 00 00 00 00 00 00 00 00 00 00 11 11 00 00 00 00 00 00 00 00 00 00 00 00 00 00 00 00 00 00 00 00 00 00 00 00 00 00 00 00 00 00 20 20 00 20 20 00 00 00 00 00 00 00 00 00 00 00 00 00 00 11
11 00 00 00 00 00 00 00 00 00 00 00 00 00 00 00 11 11 00 00 00 01 11 11 00 00 00 00 00 00 00 00 00 00 00 00 00 00 00 00 00 00 00 00 00 00 00 00 11 11 00 00 00 00 00 00 00 00 00 00 00 00 00 00 00 00 00 00 00 00 00 00 00 00 00 00 00 00 00 00 00 00 00 00 00 00 00 00 00 00 00 00 00 00 00 00 00 00 00 11
11 00 00 00 00 00 00 00 00 00 00 00 00 00 00 00 11 11 00 00 00 01 11 11 00 00 00 00 00 00 00 00 00 00 00 00 00 00 00 00 00 00 00 00 00 00 00 00 11 11 00 00 00 00 00 00 00 00 00 00 00 00 15 15 15 15 00 00 00 00 00 00 01 01 01 01 01 00 00 00 00 00 00 00 00 00 00 00 00 00 00 00 00 00 00 14 14 14 14 11
11 00 00 00 00 00 00 00 00 00 00 00 00 00 00 00 11 11 00 00 00 01 11 11 00 00 00 00 00 00 00 00 00 00 00 00 00 00 00 00 00 00 00 00 00 00 00 00 11 11 00 00 00 00 00 00 00 00 00 00 00 00 15 11 11 11 11 11 11 13 11 11 11 11 11 11 01 00 00 00 00 00 00 00 00 00 00 00 00 00 00 00 00 00 00 14 17 20 14 11
11 00 00 00 00 00 00 00 00 00 00 00 00 00 00 00 11 11 00 00 00 01 11 11 00 00 00 00 00 00 00 00 00 00 00 00 00 00 00 00 00 00 00 00 00 00 00 00 11 11 00 00 00 00 00 00 00 00 00 00 00 00 15 11 11 11 11 11 11 13 11 11 11 11 11 11 17 20 00 00 00 00 00 00 00 00 00 00 00 00 00 00 00 00 00 00 20 20 14 11
11 00 00 00 00 00 00 00 00 00 00 00 00 00 00 00 11 11 00 00 01 01 11 11 00 00 00 00 00 00 00 00 00 00 00 00 00 00 00 00 00 00 00 00 00 00 00 00 11 11 00 00 00 00 00 00 00 00 00 00 00 00 00 11 11 14 14 14 00 00 00 00 14 14 11 11 20 20 00 00 00 00 00 00 00 00 00 00 00 00 00 00 00 00 00 00 00 00 14 11
11 00 00 00 00 00 00 00 00 00 00 00 00 00 00 00 11 11 13 11 11 11 11 11 00 00 00 00 00 00 00 00 00 00 00 00 00 00 00 00 00 00 00 00 00 00 00 00 11 11 00 00 00 00 00 00 00 00 00 00 00 00 00 11 11 14 00 00 00 00 00 00 00 14 11 11 00 00 00 00 00 00 00 00 00 00 00 00 00 00 00 00 00 00 00 00 00 00 14 11
11 00 00 00 00 00 00 00 00 00 00 00 00 00 00 00 11 11 13 11 11 11 11 11 00 00 00 00 00 00 00 00 00 00 00 00 00 00 00 00 00 00 00 00 00 00 00 00 11 11 00 00 00 00 00 00 00 00 00 00 00 00 00 11 11 00 00 00 00 00 00 00 00 14 11 11 00 00 00 00 00 00 00 00 00 00 00 00 00 14 14 14 14 14 14 14 00 14 14 11
11 00 00 00 00 00 00 00 00 00 00 00 00 00 00 00 00 00 00 11 11 00 00 00 00 00 00 00 00 00 00 00 00 00 00 00 00 00 00 00 00 00 11 11 11 11 11 11 11 11 00 00 00 00 00 00 00 00 00 00 00 00 00 11 11 00 00 00 00 00 00 14 14 14 11 11 11 11 11 11 11 11 11 11 11 11 11 11 11 11 11 11 11 11 11 11 13 11 11 11
11 00 00 00 00 00 00 00 00 00 00 00 00 00 00 00 00 00 00 11 11 00 00 00 00 00 00 00 00 00 00 00 00 00 00 00 00 00 00 00 00 00 11 11 11 11 11 11 11 11 00 00 00 00 00 00 00 00 00 00 00 00 00 12 12 00 00 00 00 00 00 00 14 14 11 11 11 11 11 11 11 11 11 11 11 11 11 11 11 11 11 11 11 11 11 11 13 11 11 11
11 00 00 00 00 00 00 00 00 00 00 00 00 00 00 00 00 00 00 11 11 00 00 00 00 00 00 00 00 00 00 00 00 00 00 00 00 00 00 00 00 00 11 11 00 00 00 00 00 00 00 00 00 00 00 00 00 00 00 00 00 00 00 11 11 00 00 00 00 00 00 00 00 00 11 11 01 01 01 01 01 01 00 00 00 00 00 00 00 00 00 00 00 00 00 00 00 00 00 11
11 00 00 00 00 00 00 00 00 00 00 00 00 00 00 00 00 00 00 11 11 00 00 00 00 00 00 00 00 00 00 00 00 00 00 00 00 00 00 00 00 00 11 11 00 00 00 00 00 00 00 00 00 00 00 00 00 00 00 00 00 00 00 11 11 15 00 00 00 00 00 00 00 00 11 11 01 00 00 00 00 00 00 00 00 00 00 00 00 00 00 00 00 00 00 00 00 00 00 11
11 00 00 00 00 00 00 00 00 00 00 00 00 00 00 00 00 00 00 11 11 00 00 00 00 00 00 00 00 00 00 00 00 00 00 00 00 00 00 00 00 00 11 11 00 00 00 00 00 00 00 00 00 00 00 00 00 00 00 00 00 00 00 11 11 15 00 00 00 00 00 00 17 20 11 11 01 00 00 00 00 00 00 00 00 00 00 00 00 00 00 00 00 00 00 00 00 00 00 11
11 00 00 00 00 00 00 00 00 00 00 00 00 00 00 00 00 00 00 11 11 00 00 00 00 00 00 00 00 00 00 00 00 00 00 00 00 00 00 00 00 00 11 11 00 00 00 00 00 00 00 00 00 00 00 00 00 00 00 00 00 00 00 11 11 15 15 15 15 15 00 00 20 20 11 11 00 00 00 00 00 00 00 00 00 00 00 00 00 00 00 00 00 00 15 15 00 00 00 11
11 00 00 00 00 00 00 00 00 00 00 00 00 00 00 00 00 00 00 11 11 00 00 00 00 00 00 00 00 00 00 00 00 00 00 00 00 00 00 00 00 00 11 11 00 00 00 00 00 00 00 00 00 00 00 00 00 00 00 00 00 00 00 11 11 11 11 11 11 11 11 11 11 11 11 11 00 00 00 00 00 00 00 00 00 00 00 00 00 00 00 00 00 15 15 02 20 15 00 11
11 00 00 00 00 00 00 00 00 00 00 00 00 00 00 00 00 00 00 11 11 00 00 00 00 00 00 00 00 00 00 00 00 11 11 11 11 11 11 11 11 11 11 11 00 00 00 00 00 00 00 00 00 00 00 00 00 00 00 00 00 00 00 11 11 11 11 11 11 11 11 11 11 11 11 11 00 00 00 00 01 01 01 00 00 00 00 00 00 00 00 00 15 15 15 20 20 15 00 11
11 00 00 00 00 00 00 00 00 00 00 00 00 00 00 00 00 00 00 11 11 00 00 00 00 00 00 00 00 00 00 00 00 11 11 11 11 00 00 00 00 00 00 00 00 00 00 00 00 00 00 00 00 00 00 00 00 00 00 00 00 00 00 00 00 00 00 00 00 11 11 16 20 14 14 00 00 00 00 00 00 17 20 00 00 00 00 00 00 00 00 00 00 00 00 00 00 00 00 11
11 13 11 11 11 11 11 11 11 11 11 11 11 11 11 11 11 11 11 11 11 13 11 11 11 11 11 11 11 11 11 11 11 11 11 11 11 00 00 00 00 00 00 00 00 00 00 00 00 00 00 00 00 00 00 00 00 00 00 00 00 00 00 00 00 00 00 00 00 11 11 20 20 00 00 00 00 00 00 00 00 20 20 00 00 00 00 00 00 00 00 00 00 00 00 00 00 00 00 11
11 00 00 16 20 00 00 00 00 00 01 01 01 01 01 01 00 00 00 11 11 00 00 00 00 00 00 15 15 15 15 15 15 11 11 11 11 00 00 00 00 00 00 00 00 00 00 00 00 00 00 00 00 00 00 00 00 00 00 00 00 00 00 00 00 00 00 00 00 11 11 00 00 00 00 00 00 00 00 00 00 00 00 00 00 00 00 00 00 00 00 00 00 00 00 00 00 00 00 11
11 00 00 20 20 00 00 00 00 00 00 00 00 00 00 00 00 00 00 11 11 00 00 00 00 00 00 00 00 00 00 00 15 11 11 11 11 00 00 00 00 00 00 00 00 00 00 00 00 00 00 00 00 00 00 00 00 00 00 00 00 00 00 00 00 00 00 00 00 11 11 00 00 00 00 00 00 00 00 00 00 00 00 00 00 00 00 00 00 00 00 00 00 00 00 00 00 00 00 11
11 00 00 00 00 00 00 00 00 00 00 00 00 00 00 00 00 00 00 11 11 00 00 00 00 00 00 00 00 00 00 00 15 11 11 11 11 00 00 00 00 00 00 00 00 00 00 00 00 00 00 00 00 00 00 00 00 00 00 00 00 00 00 00 00 00 00 00 00 11 11 15 15 15 15 15 15 15 15 15 15 15 15 15 00 00 00 00 00 00 00 15 15 15 15 15 15 00 00 11
11 00 00 00 00 00 00 00 00 00 00 00 00 00 00 00 00 00 00 11 11 00 00 00 00 02 20 00 00 00 00 00 00 11 11 11 11 00 00 00 00 00 00 00 00 00 00 00 00 00 00 00 00 00 00 00 00 00 00 00 00 00 00 00 00 00 00 00 00 11 11 11 11 11 11 11 11 11 11 11 11 11 11 11 11 11 13 11 11 11 11 11 11 11 11 11 11 11 11 11
11 00 00 00 00 00 00 00 00 00 00 00 00 00 00 00 00 00 00 11 11 00 00 00 15 20 20 14 14 00 00 00 00 11 11 11 11 00 00 00 00 00 00 00 00 00 00 00 00 00 00 00 00 00 00 00 00 00 00 00 00 00 00 00 00 00 00 00 00 11 11 11 11 11 11 11 11 11 11 11 11 11 11 11 11 11 13 11 11 11 11 11 11 11 11 11 11 11 11 11
11 00 00 00 00 00 00 00 00 00 00 00 00 00 00 00 00 00 00 11 11 00 00 00 00 00 00 00 00 00 00 00 00 11 11 11 11 00 00 00 00 00 00 00 00 00 00 00 00 00 00 00 00 00 00 00 00 00 00 00 00 00 00 00 00 00 00 00 00 11 11 11 11 11 11 11 11 11 11 11 11 11 11 11 11 11 13 11 11 11 11 11 11 11 11 11 11 11 11 11
11 00 00 00 00 00 01 02 20 00 00 00 00 00 00 00 00 00 00 11 11 00 00 00 00 00 00 00 00 00 00 00 00 11 11 11 11 00 00 00 00 00 00 00 00 00 00 00 00 00 00 00 00 00 00 00 00 00 00 00 00 00 00 00 00 00 00 00 00 11 11 11 11 11 11 11 11 11 11 11 11 11 11 11 11 11 13 11 11 11 11 11 11 11 11 11 11 11 11 11
11 00 00 00 00 00 01 20 20 00 00 01 01 00 00 00 00 00 00 11 11 00 00 00 00 00 00 00 00 00 00 00 00 11 11 11 11 11 11 11 11 11 11 11 11 11 11 11 11 11 11 11 11 11 11 11 11 11 11 11 11 11 11 11 13 11 11 11 11 11 11 11 11 11 11 01 01 01 01 01 01 01 01 01 01 01 00 01 01 01 01 01 01 01 01 01 01 01 11 11
11 00 00 00 00 00 00 00 00 00 00 16 20 01 00 00 00 00 00 11 11 00 00 00 00 00 00 00 00 00 00 00 00 11 11 11 11 00 00 00 00 00 00 00 00 11 00 00 00 00 00 00 00 00 00 00 00 00 00 00 00 00 00 00 00 00 00 00 00 11 11 11 11 11 11 01 00 00 00 00 00 00 00 00 00 00 00 00 00 00 00 00 00 00 00 00 00 01 11 11
11 00 00 00 00 00 00 00 00 00 00 20 20 01 00 00 00 00 00 11 11 01 00 00 00 00 00 00 00 00 00 00 00 11 11 11 11 00 00 00 00 00 00 00 00 11 00 00 00 00 00 00 00 00 00 00 00 00 00 00 00 00 00 00 00 00 00 00 00 11 11 11 11 11 11 01 00 00 00 00 00 00 00 00 00 00 00 00 00 00 00 00 00 00 00 00 00 01 11 11
11 00 00 00 00 00 00 00 00 00 00 00 00 00 00 00 00 00 00 12 12 00 00 00 00 00 00 00 00 00 00 00 00 11 11 00 00 00 00 00 00 00 00 00 00 11 00 00 00 00 00 00 00 00 00 00 00 00 00 00 00 00 00 00 00 00 00 00 00 11 11 11 11 11 11 01 00 00 00 00 00 00 00 00 00 00 00 00 00 00 00 00 00 00 00 00 00 01 11 11
11 00 00 00 00 00 00 00 00 00 00 00 00 00 00 00 00 00 00 11 11 01 00 00 00 00 00 00 00 00 00 00 00 11 11 00 00 00 00 00 00 00 00 00 00 11 00 00 00 00 00 00 00 00 00 00 00 00 00 00 00 00 00 00 00 00 00 00 00 11 11 11 11 11 11 01 00 00 00 00 00 00 00 00 00 00 00 00 00 00 00 00 00 00 00 00 00 01 11 11
11 00 00 00 00 00 00 00 00 00 00 00 00 00 00 00 00 00 00 11 11 01 00 00 00 00 00 00 00 00 00 15 15 11 11 00 00 00 00 00 00 00 00 00 00 11 00 00 00 00 00 00 00 00 00 00 00 00 00 00 00 00 00 00 00 00 00 00 00 11 11 11 11 11 11 01 00 00 00 00 00 00 00 00 00 00 00 00 00 00 00 00 00 00 00 00 00 01 11 11
11 00 00 00 00 00 00 00 00 00 00 00 00 00 00 00 00 00 00 11 11 00 00 00 00 00 00 15 15 15 15 15 15 11 11 00 00 00 00 00 00 00 00 00 00 11 00 00 00 00 00 00 00 00 00 00 00 00 00 00 00 00 00 00 00 00 00 00 00 11 11 11 11 11 11 01 00 00 00 00 00 00 00 00 00 00 00 00 00 00 00 00 00 00 00 00 00 01 11 11
11 00 00 00 00 00 00 00 00 00 00 00 00 00 00 00 00 00 00 11 11 00 00 00 00 00 00 15 11 11 11 11 11 11 11 00 00 00 00 00 00 00 00 00 00 12 00 00 00 00 00 00 00 00 00 00 00 00 00 00 00 00 00 00 00 00 00 00 00 11 11 11 11 11 11 01 00 00 00 00 00 00 00 00 00 00 00 00 00 00 00 00 00 00 00 00 00 01 11 11
11 14 00 00 00 00 00 00 00 00 00 00 00 00 00 00 00 00 00 11 11 00 00 00 00 00 00 00 11 11 11 11 11 11 11 00 00 00 00 00 00 00 00 00 00 11 00 00 00 00 00 00 00 00 00 00 00 00 00 00 00 00 00 00 00 00 00 00 00 11 11 11 11 11 11 01 00 00 00 00 00 00 00 00 00 00 00 00 00 00 00 00 00 00 00 00 00 01 11 11
11 14 00 00 00 00 00 00 00 00 00 00 00 00 00 00 00 15 15 11 11 00 00 00 00 00 00 00 11 11 00 00 00 00 00 00 00 00 00 00 00 00 00 00 00 11 00 00 00 00 00 00 00 00 00 00 00 00 00 00 00 00 00 00 00 00 00 00 00 11 11 11 11 11 11 01 00 00 00 00 00 00 00 00 00 00 00 00 00 00 00 00 00 00 00 00 00 01 11 11
11 14 00 00 00 00 17 20 00 00 00 00 00 00 00 00 15 15 15 11 11 00 00 00 00 00 00 00 11 11 00 00 00 00 00 00 00 00 00 00 00 00 00 00 00 11 00 00 00 00 00 00 00 00 00 00 00 00 00 00 00 00 00 00 00 00 00 00 00 11 11 11 11 11 11 01 01 01 01 01 01 01 01 01 01 01 01 01 01 01 01 01 01 01 01 01 01 01 11 11
11 14 14 00 00 00 20 20 00 00 15 15 15 15 15 15 15 15 15 11 11 14 14 14 14 14 14 14 11 11 00 00 00 00 00 00 00 00 00 00 00 00 00 00 00 11 00 00 00 00 00 00 00 00 00 00 00 00 00 00 00 00 00 00 00 00 00 00 00 11 11 11 11 11 11 11 11 11 11 11 11 11 11 11 11 11 11 11 11 11 11 11 11 11 11 11 11 11 11 11
11 11 11 11 11 11 11 11 11 11 11 11 11 11 11 11 11 11 11 11 11 11 11 11 11 11 11 11 11 11 00 00 00 00 00 00 00 00 00 00 00 00 00 00 00 11 00 00 00 00 00 00 00 00 00 00 00 00 00 00 00 00 00 00 00 00 00 00 00 11 11 11 11 11 11 11 11 11 11 11 11 11 11 11 11 11 11 11 11 11 11 11 11 11 11 11 11 11 11 11













